6.661700254859293402e+00 -2.356201541188132964e+01
6.122293080557048128e+00 -2.087177086707979257e+01
-1.128894595349921737e+01 -1.236043563513162979e+01
-1.455609085426908322e+01 -1.313019985129628964e+01
1.542708978085018945e+00 5.201028598219726184e+00
-1.130004839392415761e+01 -9.038133052522702826e+00
4.611681054947862179e+00 -1.715685080097116355e+01
8.679730842955121872e+00 -2.604745827341119835e+01
-8.028461851761342416e+00 -1.134710177445159118e+01
-1.185709834796065465e+01 -1.042254480319096821e+01
-8.388646111599296518e+00 -8.207098481967125991e+00
2.294994718824496793e+00 -2.027347294256635024e+01
-1.377841105722307802e+01 -1.186279266765636109e+01
-8.842639607528417045e+00 -1.213058336543484828e+01
-2.469758555306583503e+00 5.354298238314628477e+00
5.116638560363799826e+00 -2.340250453758813265e+01
9.300926777859563899e+00 -1.852886031535466316e+01
4.540704719942631584e+00 -1.866664884350897680e+01
-1.239845957476053862e+01 -1.429405467504465221e+01
1.193210245865305330e+00 2.311890098233286839e+00
-1.116018378073221662e+01 -1.225408270005775258e+01
-5.954671379233628770e+00 5.334204657480557721e+00
7.629342057347498596e+00 -2.217698185125728827e+01
1.811686575995937076e+00 6.765272267331976508e-01
4.853770246973215130e+00 -1.996346757518705672e+01
2.818524365625680428e+00 2.609668181886322991e+00
-8.952192646513820407e+00 -9.128746289183498064e+00
-1.035666044559998777e+00 1.635278691222749714e+00
1.429324350703099711e+00 -2.390505985161070157e+01
-1.212584676549272444e+01 -9.205265488890214343e+00
-1.381163058203053851e+01 -1.094026185564865017e+01
-9.333913215978761002e+00 -9.952425472922060479e+00
-6.088555976339057985e+00 -6.280289318817985134e+00
-1.020885940305356421e+01 -8.288623995009588796e+00
-7.301492283633025382e-01 2.197342664319479777e+00
-7.021940202700397649e+00 -1.251685831258215487e+01
-2.608842457649222180e+00 7.268242839634253549e+00
6.134458396802457969e+00 -2.146063545031675446e+01
1.301656029383526869e+00 4.886207591668751959e-01
1.184353145551645614e+00 -2.045673397823692952e+01
5.086500912129007901e+00 -2.011508977145545529e+01
5.074974621841419342e+00 -1.609750968573333552e+01
4.008719603929814745e+00 -2.061772058345067649e+01
-1.251221198176010319e+01 -9.667074700318673663e+00
-9.298217278529113949e-01 5.032030243937682279e+00
5.613500338904441556e+00 -2.069840388665248909e+01
-7.795957919569239669e-01 6.980335530900032559e+00
2.111518732586077363e+00 2.026325900855679762e+00
1.887539880900729050e-01 7.850462165288249139e+00
-8.558531503241448846e+00 -8.273188807374500797e+00
5.203597996563090078e+00 -2.015932769727307061e+01
-2.020835071095868241e+00 4.887276704089689616e+00
3.846371975671542209e+00 -2.249402428226021300e+01
-8.918168914235838907e-01 1.455050965409974140e+00
-6.616843833385035012e+00 -8.170976356153429876e+00
7.874112058963326888e+00 -2.049168948889389696e+01
7.124214202057469691e+00 -1.969928378821939319e+01
2.575615857807876385e-01 5.759454862346092163e+00
4.716794242356061595e+00 -2.209814657299229879e+01
3.115374242308907249e+00 -2.400731600177347147e+01
-8.000888277681962535e+00 -1.180013336986160688e+01
-5.801296317700095351e+00 -7.782549196058646146e+00
5.932303810933929000e+00 -1.880987620989554188e+01
5.399264775211971568e+00 -2.134322244065522156e+01
-7.037142768061899645e+00 -1.122706208327479871e+01
8.494325359816807364e+00 -1.758793757692482274e+01
-8.944141904524375519e+00 -8.171826865482284319e+00
-2.014762902957763391e+00 4.314406399419869587e+00
-3.287638143688451642e+00 3.637614424618461850e+00
-1.031635185850961278e+01 -1.001387213018104205e+01
4.748615709980930966e+00 -1.881622202504699715e+01
-1.025204428877017193e+01 -9.034987771560635039e+00
-9.923367394664873942e+00 -1.445085980288297023e+01
-1.261465501545314538e+01 -8.095777405318971276e+00
-9.465926424111255955e+00 -1.021980990213738849e+01
9.623023912207429031e-01 5.445599836153570017e+00
2.673609654153065396e+00 -2.097131844013090785e+01
1.606758568149974753e+00 5.400721732222442562e+00
8.795616082231306754e-01 4.349277169444269120e+00
4.090956113161521301e+00 -2.053891149029595198e+01
6.048919499602427585e+00 -1.688200939226854658e+01
3.091223638147780228e+00 -1.894454595460808477e+01
-1.082965405107354329e+01 -1.357477395077772364e+01
-7.975429515711061512e+00 -1.408554652355973857e+01
3.225959444934529241e+00 -2.221512313756946355e+01
-4.556787157671235100e+00 6.641510662138742305e+00
3.181251937177900224e+00 7.615229034069316505e+00
4.313230569590819741e+00 -2.118923908348483209e+01
-1.220129165750570621e+01 -8.233121519983782832e+00
-1.015753769845098375e+01 -4.880221008627569468e+00
2.289254079804960540e+00 -1.835013625529114023e+01
-1.768438056985335738e+00 4.974251023554958628e+00
-1.298146484769455178e+01 -9.376188928041422344e+00
-1.096403002757425860e+01 -9.146951402022860833e+00
7.897532128370059468e+00 -1.969708606141344731e+01
1.993497271641554214e+00 -1.988617118313795729e+01
-1.435162179330481891e+01 -1.188530616346027280e+01
-8.272949094823850658e+00 -1.035939116675405103e+01
-2.036372400454557585e+00 1.004718605155471778e+01
6.224008253231682053e-01 4.131382890230884009e+00
9.045989876500009075e+00 -1.827898385099324940e+01
-1.225088589914261661e+01 -8.699749260243823556e+00
-1.073051791000833788e+01 -8.030954882288014574e+00
5.479459395630110308e+00 -1.559272681854219655e+01
-6.946302891161404425e+00 -1.362346397105963725e+01
4.185127023109361133e+00 -2.003182576160395456e+01
4.729502014329571402e+00 -1.801365452141263646e+01
6.400422161809232513e+00 -2.015348657108663133e+01
-1.236786438693962431e+00 6.810665522398576144e+00
-4.183820349610696265e-01 7.413757932389420269e+00
8.963919420534832483e+00 -1.851309689715467144e+01
5.480815658279102998e+00 -2.175250608412194708e+01
6.267180026393726955e+00 -2.167723137049887328e+01
-9.803706725992906712e+00 -8.508550229271270027e+00
-1.302840592147227472e+00 7.515327890954173640e+00
-8.282349540655321363e+00 -1.291517109097985205e+01
1.488806864702263422e-01 6.342705886749961053e+00
-1.947624409597887629e+00 7.472439490136963514e+00
-2.283126411640468589e+00 6.944883424536160810e+00
1.181286850572727642e+00 4.254791386352199112e+00
-1.365474484256347587e+01 -1.027119319169930733e+01
-6.144553753055545187e+00 -1.160442143004529214e+01
-4.182760792661648352e-01 5.217414206451254088e+00
3.356249947470083761e+00 -1.995477496775317761e+01
-8.622188009994177449e+00 -8.847982965788679266e+00
-1.696733230486851429e+00 3.609323222691283917e+00
7.033168377791682246e+00 -1.975694332321576852e+01
-8.965144583976307757e+00 -1.018819939510278338e+01
-1.291436717012178548e+01 -7.386741763682604045e+00
-1.290338905109272361e+01 -1.067887442112753327e+01
-2.115785956975932525e+00 4.495767237099185465e+00
1.459961907494680688e-01 1.912923452800017188e-01
-8.964372757572153461e+00 -1.147097587019339926e+01
-8.653376897742088403e+00 -1.066012190708007878e+01
-1.234391676713399777e+00 3.003909548952997000e+00
4.538324920248345329e+00 4.767893335390263942e+00
-6.128542469085355160e-01 6.065702853880416079e+00
-8.918127547545159572e+00 -7.770973749037535683e+00
-1.319819871954700297e+00 5.305232176622549645e-01
-8.504368891874012348e+00 -9.160133063956250155e+00
2.804002457384197289e+00 1.162628401193508942e+01
-1.062492391745188058e+01 -6.149143011843372975e+00
7.010282904497723955e+00 -1.617566862676805073e+01
-1.157018675812069830e+01 -5.215958787896009419e+00
3.519031506697783307e+00 4.810355344230691443e+00
7.368897059828674045e+00 -2.248321588967755957e+01
6.489440873185968073e+00 -1.997831883822021126e+01
4.071788609402713810e+00 -2.149728577689772635e+01
-1.365457869018098735e+00 5.832504520199981890e+00
1.082195418067969683e+01 -2.187802889701091047e+01
3.893967234142380107e+00 -2.033625611210171513e+01
8.474170513390744119e+00 -2.018483238793254131e+01
7.777697107002887300e+00 -2.416732229082600014e+01
-9.846074476643222440e+00 -1.176179871225414608e+01
2.527422141970820491e+00 -1.899119315707892852e+01
-9.547308173902605333e+00 -7.435226571810781948e+00
4.984147089514498141e+00 -2.211992916054059322e+01
-1.143427076151128219e+01 -9.265014335451450478e+00
-1.335101850805926205e+01 -9.762312821213191327e+00
-7.335158491185818974e+00 -1.049487920998173784e+01
-1.653785841940357049e+00 3.767654258121151400e+00
-1.362147488710527377e+01 -9.975396670253417142e+00
-5.636534153936462843e+00 -9.477456291020846635e+00
3.208321358987723748e+00 -1.664306138272311841e+01
3.396850986796550398e+00 3.872374872429519055e+00
2.997487066523341515e+00 -1.895618628999985589e+01
-1.594117866243362158e+00 2.618667433459605398e+00
6.376972115537295593e+00 -1.850004560600017101e+01
1.827399341741661853e+00 9.906641070552659301e+00
-1.203532891952635175e+01 -1.047989813115003521e+01
5.339497152665556357e+00 -2.004467368695089391e+01
-1.548751266618771938e+00 4.123362473569360809e+00
-2.342153452899983446e+00 3.979900528340354349e+00
-1.215823053193884995e+01 -8.446347246058001801e+00
-1.026890253475473003e+01 -9.509722893870607763e+00
-1.080060827861335682e+01 -1.046244367870686887e+01
-7.373399961857304952e+00 -9.264376450398616569e+00
-1.074532711561221043e-01 5.984646440165715120e+00
-1.120831427435867028e-01 4.691285262535575207e+00
5.413833409005802899e+00 -2.124661410640200643e+01
-3.383076584345883653e+00 3.652744728803083873e+00
-1.038343232462403876e+01 -1.208752337454255965e+01
1.004734268558843402e+00 3.923664473735406055e+00
6.063022970439857495e+00 -2.216642114475011738e+01
3.556768549217718345e+00 4.887918761863942585e+00
4.048953186544421712e+00 7.242853115720443213e+00
-3.194158622662860214e+00 3.046325540105491392e+00
-1.199662115176472099e+01 -9.461832662266086658e+00
3.705929437327498910e+00 4.824318596337895393e+00
6.971431863363635628e+00 -1.921356661758757056e+01
-1.293551423502987241e+01 -1.228492588371823224e+01
2.851554685678165946e+00 -1.557256279108829844e+01
-9.570828160456454015e+00 -1.310624556457112710e+01
6.238936001745143400e+00 -1.939371296829342839e+01
-1.050624707573831751e+00 6.296647373231154532e+00
-1.258743315550845843e+01 -9.394410435331407072e+00
4.830870587329655130e+00 -2.018636976443384157e+01
4.695063261063436855e-01 1.726585818879061485e+00
-1.146157197081086210e+01 -8.815584474907661061e+00
1.292348719628906295e+00 3.444371675756841888e+00
2.478118444392701125e+00 -1.880565014696784942e+01
-4.398728242315525172e+00 3.452809926843160682e+00
6.793693797751625851e+00 -2.126380778299077789e+01
9.056125097414747804e-01 8.006510328450605840e+00
2.456045576472115410e+00 6.252602937852451248e+00
-1.076236764290620940e+01 -1.173965757893993711e+01
4.141123727083507511e+00 -1.911366660901218140e+01
-9.086845934740860997e+00 -8.902779250410169709e+00
3.050620746574901787e+00 4.635424579912874599e+00
2.830630525027454159e+00 -1.815371499837050706e+01
3.740731540292316026e+00 -2.228992444979347809e+01
-1.086040983351485423e+01 -3.974530885065214569e+00
1.722400817701546405e+00 -1.911475033975166937e+01
6.807020128846441587e+00 -2.317889145331900735e+01
5.149622836831984074e+00 -1.911369190606186663e+01
-9.035126283741766073e+00 -9.781096710397443772e+00
-1.240488542967768382e+01 -9.719685947037763896e+00
-2.681804417973639776e+00 4.658048746129186846e+00
6.539913202131486081e+00 -2.137836442473548004e+01
5.396930251916114862e+00 -1.700027264342841349e+01
-9.790002954068460994e+00 -1.234445870498934106e+01
-1.430639527145274092e+00 5.104571215387193384e+00
1.367030729082097551e+00 -2.139744648927569770e+01
-7.712934113898143096e+00 -1.328463554580322104e+01
-6.089423649997836030e+00 -1.085296995611929916e+01
-9.807814432922430825e+00 -1.031204718667180487e+01
-9.449279189910511079e-01 5.301747093116654597e+00
7.306944983142201755e-01 5.880730552707243319e+00
4.600294458236326989e+00 -2.170315025814286258e+01
4.863863107528465513e+00 -1.947177964455280730e+01
2.744616116085289548e+00 -2.162679102730544756e+01
9.038658790535905041e+00 -2.104005739590310498e+01
2.270136978133847183e+00 7.004560456938971669e+00
1.140034620352448513e+00 5.844074366709385515e+00
-6.294434621361501669e+00 -1.083039104480569215e+01
2.979766534217435314e+00 -2.063316020959689823e+01
3.000724880101901082e+00 7.976890651602595028e+00
1.616080007171206923e+00 -1.718302557527336560e+01
-3.077448093907251270e+00 5.816068038712582045e+00
1.956357717824340980e+00 3.621562816621342940e+00
3.887057908777590831e-01 1.551587155324473777e+00
1.937026956162368529e+00 7.561886357398541314e+00
-7.711072364794926415e-01 7.070521124934844082e+00
-2.639487504769713500e+00 5.342927169287337463e+00
-8.399992835670632374e+00 -4.715764953660285030e+00
-2.737061955375073463e+00 2.035284673395674648e+00
-2.781684315319888912e-01 3.397394460144238071e+00
4.858580003989857232e+00 -1.978977086847488920e+01
6.260527865155654403e+00 -1.823438421049013058e+01
-8.142481219356788813e+00 -8.988878493230778588e+00
